25
Rectangle: 192,89 370,167 8421631
Rectangle: 410,101 524,173 8421631
Line: 245,141 479,164 16711680
Line: 505,111 501,265 16711680
Line: 604,158 693,253 16711680
Line: 538,66 777,88 16711680
Ellipse: 134,183 242,252 65280
Ellipse: 279,193 348,257 65280
Ellipse: 369,212 465,272 65280
Ellipse: 544,228 649,291 65280
Ellipse: 697,219 793,282 65280
Ellipse: 776,178 854,225 65280
Ellipse: 748,85 817,144 65280
Ellipse: 681,43 735,99 65280
Ellipse: 613,54 674,87 65280
Ellipse: 507,49 595,96 65280
Ellipse: 439,60 480,104 65280
Ellipse: 357,68 424,128 65280
Ellipse: 283,88 339,144 65280
Ellipse: 195,163 291,202 65280
Rectangle: 210,286 308,341 8388736
Rectangle: 346,291 474,378 8388736
Rectangle: 519,332 687,390 8388736
Rectangle: 719,313 865,359 8388736
Rectangle: 890,283 946,328 8388736
